1.686979710938898 1.439523351584957 0.2598168084297616 1.6410522661954996 0.0349656144748447 0.6419371581069582 0.2096967612109506 519960.0
1.686979710938898 1.439523351584957 0.2598168084297616 1.6410522661954996 0.0349656144748447 0.6419371581069582 0.2096967612109506 519960.0
1.686979710938898 1.439523351584957 0.2598168084297616 1.6410522661954996 0.0349656144748447 0.6419371581069582 0.2096967612109506 519960.0
1.686979710938898 1.439523351584957 0.2598168084297616 1.6410522661954996 0.0349656144748447 0.6419371581069582 0.2096967612109506 519960.0
1.7542409095953138 1.439523351584957 0.2598168084297616 1.6410522661954996 0.0349656144748447 0.8218428080915019 0.2096967612109506 461855.0
1.7542409095953138 1.439523351584957 0.2598168084297616 1.6410522661954996 0.0349656144748447 0.8218428080915019 0.2096967612109506 461855.0
1.676970746660136 1.439523351584957 0.2598168084297616 1.6410522661954996 0.0349656144748447 0.6419371581069582 0.4082315394871421 461218.0
1.676970746660136 1.439523351584957 0.2598168084297616 1.6410522661954996 0.0349656144748447 0.6419371581069582 0.4082315394871421 461218.0
1.9498359344012335 1.6340183632453071 0.2598168084297616 1.6410522661954996 0.0349656144748447 0.6419371581069582 0.2096967612109506 454835.0
1.9498359344012335 1.6340183632453071 0.2598168084297616 1.6410522661954996 0.0349656144748447 0.6419371581069582 0.2096967612109506 454835.0
1.686979710938898 1.439523351584957 0.2598168084297616 1.6410522661954996 0.0349656144748447 0.6419371581069582 0.2096967612109506 434002.0
1.686979710938898 1.439523351584957 0.2598168084297616 1.6410522661954996 0.0349656144748447 0.6419371581069582 0.2096967612109506 434002.0
1.686979710938898 1.439523351584957 0.2598168084297616 1.6410522661954996 0.0349656144748447 0.6419371581069582 0.2096967612109506 434002.0
1.686979710938898 1.439523351584957 0.2598168084297616 1.6410522661954996 0.0349656144748447 0.6419371581069582 0.2096967612109506 434002.0
1.686979710938898 1.439523351584957 0.2598168084297616 1.6410522661954996 0.0349656144748447 0.6419371581069582 0.2096967612109506 434002.0
1.686979710938898 1.439523351584957 0.2598168084297616 1.6410522661954996 0.0349656144748447 0.6419371581069582 0.2096967612109506 434002.0
1.686979710938898 1.439523351584957 0.2598168084297616 1.6410522661954996 0.0349656144748447 0.6419371581069582 0.2096967612109506 434002.0
1.686979710938898 1.439523351584957 0.2598168084297616 1.6410522661954996 0.0349656144748447 0.6419371581069582 0.2096967612109506 434002.0
1.686979710938898 1.6340183632453071 0.2598168084297616 1.8982162218282195 0.0349656144748447 0.6419371581069582 0.2096967612109506 433578.0
1.686979710938898 1.439523351584957 0.2598168084297616 1.6410522661954996 0.0349656144748447 0.6419371581069582 0.2096967612109506 406818.0
1.686979710938898 1.439523351584957 0.2598168084297616 1.6410522661954996 0.0349656144748447 0.6419371581069582 0.2096967612109506 406818.0
1.686979710938898 1.439523351584957 0.2598168084297616 1.6410522661954996 0.0349656144748447 0.6419371581069582 0.2096967612109506 406818.0
1.686979710938898 1.439523351584957 0.2598168084297616 1.6410522661954996 0.0349656144748447 0.6419371581069582 0.2096967612109506 356098.0
1.7542409095953138 1.439523351584957 0.2598168084297616 1.6410522661954996 0.0349656144748447 0.6419371581069582 0.4082315394871421 351354.0
1.686979710938898 1.6340183632453071 0.18825232611140597 1.293377462568972 0.24407863605641777 0.6419371581069582 0.2096967612109506 327856.0
1.686979710938898 1.6340183632453071 0.18825232611140597 1.293377462568972 0.24407863605641777 0.6419371581069582 0.2096967612109506 327856.0
1.686979710938898 1.6340183632453071 0.18825232611140597 1.293377462568972 0.24407863605641777 0.6419371581069582 0.2096967612109506 327856.0
1.686979710938898 1.6340183632453071 0.18825232611140597 1.293377462568972 0.24407863605641777 0.6419371581069582 0.2096967612109506 327856.0
1.686979710938898 1.6340183632453071 0.18825232611140597 1.293377462568972 0.24407863605641777 0.6419371581069582 0.2096967612109506 327856.0
1.686979710938898 1.6340183632453071 0.18825232611140597 1.293377462568972 0.24407863605641777 0.6419371581069582 0.2096967612109506 327856.0
1.686979710938898 1.6340183632453071 0.18825232611140597 1.293377462568972 0.24407863605641777 0.6419371581069582 0.2096967612109506 327856.0
1.686979710938898 1.6340183632453071 0.18825232611140597 1.293377462568972 0.24407863605641777 0.6419371581069582 0.2096967612109506 327856.0
1.676970746660136 1.9932930755847171 0.2598168084297616 1.6410522661954996 0.0349656144748447 0.4716400842293256 0.2096967612109506 327846.0
1.676970746660136 1.439523351584957 0.2598168084297616 1.6410522661954996 0.0349656144748447 0.6419371581069582 0.4082315394871421 318941.0
1.676970746660136 1.439523351584957 0.2598168084297616 1.6410522661954996 0.0349656144748447 0.6419371581069582 0.4082315394871421 318941.0
1.676970746660136 1.439523351584957 0.2598168084297616 1.6410522661954996 0.0349656144748447 0.6419371581069582 0.4082315394871421 318941.0
1.676970746660136 1.439523351584957 0.2598168084297616 1.6410522661954996 0.0349656144748447 0.6419371581069582 0.4082315394871421 318941.0
1.676970746660136 1.439523351584957 0.2598168084297616 1.6410522661954996 0.0349656144748447 0.6419371581069582 0.4082315394871421 318941.0
1.676970746660136 1.439523351584957 0.2598168084297616 1.6410522661954996 0.0349656144748447 0.6419371581069582 0.4082315394871421 318941.0
1.686979710938898 1.439523351584957 0.2598168084297616 1.6410522661954996 0.0349656144748447 0.6419371581069582 0.2096967612109506 313510.0
1.676970746660136 1.439523351584957 0.2598168084297616 1.6410522661954996 0.0349656144748447 0.43022466801765136 0.13975573417170706 306547.0
1.676970746660136 1.439523351584957 0.2598168084297616 1.817694672073241 0.0349656144748447 0.6419371581069582 0.2096967612109506 300277.0
1.676970746660136 1.439523351584957 0.2598168084297616 0.9031764909711502 0.0349656144748447 0.6419371581069582 0.2096967612109506 281839.0
1.676970746660136 1.439523351584957 0.2598168084297616 1.8982162218282195 0.0349656144748447 0.6419371581069582 0.2096967612109506 279811.0
1.686979710938898 1.439523351584957 0.2598168084297616 1.6410522661954996 0.0349656144748447 0.6419371581069582 0.4082315394871421 272187.0
1.676970746660136 1.439523351584957 0.2598168084297616 1.6410522661954996 0.0349656144748447 0.6419371581069582 0.2096967612109506 270145.0
1.686979710938898 1.439523351584957 0.2598168084297616 1.6410522661954996 0.0349656144748447 0.6419371581069582 0.2096967612109506 265984.0
1.676970746660136 1.439523351584957 0.2598168084297616 1.6410522661954996 0.0349656144748447 0.6419371581069582 0.2096967612109506 263223.0
1.676970746660136 1.439523351584957 0.2598168084297616 1.6410522661954996 0.0349656144748447 0.6419371581069582 0.2096967612109506 249329.0
1.7542409095953138 1.439523351584957 0.2598168084297616 1.6410522661954996 0.0349656144748447 0.6419371581069582 0.2096967612109506 247596.0
1.676970746660136 0.4144999853270521 0.2598168084297616 1.6410522661954996 0.0349656144748447 0.6419371581069582 0.4082315394871421 243640.0
1.676970746660136 1.439523351584957 0.2598168084297616 1.6410522661954996 0.0349656144748447 0.6419371581069582 0.2096967612109506 241346.0
1.676970746660136 1.439523351584957 0.2598168084297616 1.6410522661954996 0.0349656144748447 0.6419371581069582 0.2096967612109506 241346.0
1.686979710938898 1.6340183632453071 0.2598168084297616 1.0590390570217396 0.0349656144748447 0.6419371581069582 0.2096967612109506 240858.0
1.4558595619701489 1.439523351584957 0.2598168084297616 1.6410522661954996 0.0349656144748447 0.46546504274027356 0.2096967612109506 223094.0
1.676970746660136 1.439523351584957 0.2598168084297616 1.8982162218282195 0.0349656144748447 0.6419371581069582 0.2096967612109506 222733.0
1.676970746660136 0.42170434294906745 0.2598168084297616 1.6410522661954996 0.0349656144748447 0.6419371581069582 0.2096967612109506 221788.0
1.676970746660136 0.02098835373651875 0.2598168084297616 1.8982162218282195 0.0349656144748447 0.6419371581069582 0.2096967612109506 221076.0
1.676970746660136 1.439523351584957 0.2598168084297616 1.8982162218282195 0.0349656144748447 0.6419371581069582 0.2096967612109506 218029.0
1.676970746660136 1.439523351584957 0.2598168084297616 1.8982162218282195 0.0349656144748447 0.6419371581069582 0.2096967612109506 218029.0
1.676970746660136 1.439523351584957 0.2598168084297616 1.6410522661954996 0.0349656144748447 0.43022466801765136 0.13975573417170706 217975.0
1.7542409095953138 1.439523351584957 0.2598168084297616 1.6410522661954996 0.0349656144748447 0.6419371581069582 0.2096967612109506 216998.0
1.4653317659628307 0.4973651083983941 0.2598168084297616 1.3953548321026799 0.0349656144748447 0.3723226152542183 0.2096967612109506 215564.0
1.4653317659628307 0.4973651083983941 0.2598168084297616 1.3953548321026799 0.0349656144748447 0.3723226152542183 0.2096967612109506 215564.0
1.686979710938898 1.6340183632453071 0.2598168084297616 1.817694672073241 0.0349656144748447 0.6419371581069582 0.2096967612109506 211398.0
1.686979710938898 1.6340183632453071 0.2598168084297616 1.817694672073241 0.0349656144748447 0.6419371581069582 0.2096967612109506 211398.0
1.686979710938898 1.6340183632453071 0.2598168084297616 1.817694672073241 0.0349656144748447 0.6419371581069582 0.2096967612109506 211398.0
1.686979710938898 1.6340183632453071 0.2598168084297616 1.817694672073241 0.0349656144748447 0.6419371581069582 0.2096967612109506 211398.0
1.676970746660136 1.439523351584957 0.2598168084297616 1.8982162218282195 0.0349656144748447 0.6419371581069582 0.2096967612109506 211086.0
1.676970746660136 1.439523351584957 0.2598168084297616 0.8024179616348972 0.0349656144748447 0.6419371581069582 0.2096967612109506 206056.0
1.4558595619701489 1.439523351584957 0.2598168084297616 1.6410522661954996 0.0349656144748447 0.43022466801765136 0.13975573417170706 205483.0
1.4558595619701489 1.439523351584957 0.2598168084297616 1.6410522661954996 0.0349656144748447 0.43022466801765136 0.13975573417170706 205483.0
1.676970746660136 1.439523351584957 0.2598168084297616 1.6410522661954996 0.0349656144748447 0.43022466801765136 0.2096967612109506 191239.0
1.676970746660136 1.439523351584957 0.2598168084297616 1.6410522661954996 0.0349656144748447 0.6419371581069582 0.2096967612109506 186179.0
1.9498359344012335 1.6340183632453071 0.2598168084297616 1.817694672073241 0.0349656144748447 0.6419371581069582 0.2096967612109506 185625.0
1.676970746660136 1.439523351584957 0.2598168084297616 1.6410522661954996 0.0349656144748447 0.6419371581069582 0.2096967612109506 184757.0
1.676970746660136 1.439523351584957 0.2598168084297616 1.6410522661954996 0.0349656144748447 0.6419371581069582 0.2096967612109506 184757.0
1.4653317659628307 1.439523351584957 0.2598168084297616 1.6410522661954996 0.0349656144748447 0.6419371581069582 0.2096967612109506 179134.0
1.4653317659628307 1.439523351584957 0.2598168084297616 1.6410522661954996 0.0349656144748447 0.6419371581069582 0.2096967612109506 179134.0
1.676970746660136 1.439523351584957 0.2598168084297616 1.6410522661954996 0.0349656144748447 0.6419371581069582 0.2096967612109506 178598.0
1.676970746660136 1.439523351584957 0.2598168084297616 1.6410522661954996 0.0349656144748447 0.6419371581069582 0.2096967612109506 178598.0
1.686979710938898 1.439523351584957 0.2598168084297616 1.6410522661954996 0.0349656144748447 0.6419371581069582 0.2096967612109506 174455.0
1.686979710938898 1.6340183632453071 0.2598168084297616 0.8024179616348972 0.0349656144748447 0.6419371581069582 0.2096967612109506 173530.0
1.676970746660136 1.439523351584957 0.2598168084297616 1.6410522661954996 0.0349656144748447 0.6419371581069582 0.2096967612109506 169863.0
1.676970746660136 1.439523351584957 0.2598168084297616 1.6410522661954996 0.0349656144748447 0.6419371581069582 0.2096967612109506 167152.0
1.676970746660136 0.2897351528705301 0.2598168084297616 1.6410522661954996 0.0349656144748447 0.6419371581069582 0.2096967612109506 165912.0
1.676970746660136 1.439523351584957 0.2598168084297616 1.6410522661954996 0.0349656144748447 0.43022466801765136 0.13975573417170706 165001.0
1.7542409095953138 1.439523351584957 0.2598168084297616 1.6410522661954996 0.0349656144748447 0.6419371581069582 0.2096967612109506 160373.0
1.686979710938898 1.1352732987116743 0.18825232611140597 1.293377462568972 0.24407863605641777 0.6419371581069582 0.2096967612109506 157689.0
1.7542409095953138 1.439523351584957 0.2598168084297616 1.6410522661954996 0.0349656144748447 0.6419371581069582 0.2096967612109506 153259.0
1.686979710938898 1.439523351584957 0.2598168084297616 1.6410522661954996 0.0349656144748447 0.6419371581069582 0.2096967612109506 519960.0
1.686979710938898 1.439523351584957 0.2598168084297616 1.6410522661954996 0.0349656144748447 0.6419371581069582 0.2096967612109506 519960.0
1.686979710938898 1.439523351584957 0.2598168084297616 1.6410522661954996 0.0349656144748447 0.6419371581069582 0.2096967612109506 519960.0
1.686979710938898 1.439523351584957 0.2598168084297616 1.6410522661954996 0.0349656144748447 0.6419371581069582 0.2096967612109506 519960.0
1.7542409095953138 1.439523351584957 0.2598168084297616 1.6410522661954996 0.0349656144748447 0.8218428080915019 0.2096967612109506 461855.0
1.7542409095953138 1.439523351584957 0.2598168084297616 1.6410522661954996 0.0349656144748447 0.8218428080915019 0.2096967612109506 461855.0
1.676970746660136 1.439523351584957 0.2598168084297616 1.6410522661954996 0.0349656144748447 0.6419371581069582 0.4082315394871421 461218.0
1.676970746660136 1.439523351584957 0.2598168084297616 1.6410522661954996 0.0349656144748447 0.6419371581069582 0.4082315394871421 461218.0
1.9498359344012335 1.6340183632453071 0.2598168084297616 1.6410522661954996 0.0349656144748447 0.6419371581069582 0.2096967612109506 454835.0
1.9498359344012335 1.6340183632453071 0.2598168084297616 1.6410522661954996 0.0349656144748447 0.6419371581069582 0.2096967612109506 454835.0
